34
0 0 0.563585340976715
0 14 0.0914029330015183
1 1 0.00891140475869179
1 11 0.607684552669525
2 15 0.375865966081619
2 16 0.677205741405487
2 17 0.00878933072090149
4 10 0.699758887290955
4 19 0.966612756252289
6 2 0.51701408624649
7 6 0.994628727436066
7 8 0.531327247619629
8 10 0.0610065013170242
8 16 0.113773003220558
9 1 0.436719864606857
10 1 0.625171661376953
10 2 0.437726974487305
10 4 0.894619584083557
11 13 0.74074524641037
12 4 0.667775511741638
12 16 0.0766014605760574
13 16 0.784966588020325
14 0 0.875637054443359
15 1 0.707876801490784
16 0 0.329844057559967
16 1 0.639210164546967
16 8 0.126468703150749
16 12 0.168919950723648
17 10 0.427808463573456
18 13 0.0814233869314194
18 16 0.258796960115433
19 2 0.0470900610089302
19 3 0.336405515670776
19 14 0.525589764118195
