0.0590533167123795
0.180059209465981
0.56181526184082
0.787255465984344
0.683980822563171
0.719504356384277
0.601397752761841
0.993804752826691
0.192083492875099
0.501419126987457
0.268318742513657
0.15979491174221
0.578295230865479
0.535905003547668
0.0486159846186638
0.77904599905014
0.00628681294620037
0.896664321422577
0.52635270357132
0.183629870414734
0.726371049880981
0.593127250671387
0.892269670963287
0.643787980079651
0.901058971881866
0.718283653259277
0.625812530517578
0.946012735366821
0.995452761650085
0.902706980705261
0.257728815078735
0.731162428855896
0.888180196285248
0.6066774725914
0.618488132953644
0.373546570539474
0.359294414520264
0.281502723693848
0.479598373174667
0.682088673114777
0.111453600227833
0.931180775165558
0.993774235248566
0.205175936222076
0.980407118797302
0.105594046413898
0.839838862419128
0.420270383358002
0.491195410490036
0.856807172298431
0.479445785284042
0.589465022087097
0.41669973731041
0.689199507236481
0.431012898683548
0.562395095825195
0.493697941303253
0.0353709533810616
0.967558801174164
0.307504504919052
0.9539475440979
0.288430422544479
0.144657731056213
0.453321933746338
0.025757621973753
0.922208309173584
0.56495863199234
0.620471835136414
0.0625019073486328
0.730521559715271
0.784661412239075
0.826227605342865
0.45435956120491
0.717215478420258
0.769463181495667
0.74230170249939
0.979522109031677
0.667348265647888
0.305246144533157
0.0876796767115593
0.751060545444489
0.931577503681183
0.770226120948792
0.937314987182617
0.415814697742462
0.454603731632233
0.174535349011421
0.227973267436028
0.761497855186462
0.578997135162354
0.873805940151215
0.242927342653275
0.388042837381363
0.655659675598145
0.862727761268616
0.356089979410172
0.600054919719696
0.992156744003296
0.054811242967844
0.817346692085266
0.175695061683655
0.170323804020882
0.455275118350983
0.860011577606201
0.169316694140434
0.26407665014267
0.631824672222137
0.91201514005661
0.403088480234146
0.988982796669006
0.391399890184402
0.191686764359474
0.804620504379272
0.314615309238434
0.0678731650114059
0.469557791948318
0.246406450867653
0.571275949478149
0.32721945643425
0.277474284172058
0.0435193963348866
0.581804871559143
0.896664321422577
0.346232503652573
0.765770435333252
0.850245654582977
0.123935669660568
0.553025901317596
0.520432114601135
0.338236629962921
0.772911787033081
0.15967284142971
0.362193673849106
0.860927164554596
0.961424589157104
0.623523652553558
0.986083567142487
0.632557153701782
0.648457288742065
0.761467337608337
0.359752178192139
0.994567692279816
0.576097905635834
0.548966944217682
0.451979130506516
0.855769515037537
0.0728476792573929
0.334940642118454
0.712454617023468
0.877346098423004
0.624622344970703
0.754112362861633
0.46018859744072
0.932737231254578
0.619312107563019
0.117679372429848
0.836359739303589
0.874385833740234
0.17181921005249
0.563829481601715
0.477584153413773
0.138462483882904
0.43522447347641
0.749320983886719
0.56657612323761
0.21854305267334
0.30430006980896
0.363139748573303
0.415540039539337
0.539689302444458
0.918271422386169
0.244026005268097
0.239387184381485
0.764427602291107
0.868373692035675
0.382366418838501
0.274422436952591
0.0611285753548145
0.516861498355865
0.588335812091827
0.899136304855347
0.367168188095093
0.333597838878632
0.107333600521088
0.913083255290985
0.176915794610977
0.656270027160645
0.963774502277374
0.630329310894012
0.886593222618103
0.78102970123291
0.314584791660309
0.943479716777802
0.22702719271183
0.789147615432739
0.594286918640137
0.0146794030442834
0.815729260444641
0.0163884405046701
0.731437087059021
0.750053405761719
0.358775585889816
0.571337044239044
0.219275489449501
0.713156521320343
0.535111546516418
0.808465838432312
0.321054726839066
0.634510338306427
0.0930509343743324
0.162816241383553
0.190984830260277
0.172917872667313
0.191412091255188
0.252235472202301
0.192876979708672
0.0850550830364227
0.515793323516846
0.653340280056
0.197180092334747
0.459456145763397
0.201483204960823
0.257423639297485
0.137577444314957
0.171178326010704
0.094454787671566
0.613177895545959
0.608935832977295
0.213568523526192
0.381237208843231
0.16141240298748
0.787224948406219
0.063020721077919
0.119357891380787
0.769096970558167
0.453138828277588
0.733420848846436
0.69948422908783
0.467940300703049
0.400433361530304
0.676015496253967
0.770134568214417
0.804925680160522
0.0102542191743851
0.181493580341339
0.656941413879395
0.709921538829803
0.272713392972946
0.440229505300522
0.807031452655792
0.287423312664032
0.0369579158723354
0.9167760014534
0.290078431367874
0.438184767961502
0.771294295787811
0.195226907730103
0.887447714805603
0.717184960842133
0.613788247108459
0.951597630977631
0.800073266029358
0.334391295909882
0.99560534954071
0.209234908223152
0.507248163223267
0.704123079776764
0.617694616317749
0.533829748630524
0.806604206562042
0.449568152427673
0.0621662028133869
0.323984503746033
0.56724750995636
0.268562883138657
0.819910287857056
0.853846848011017
0.22690512239933
0.567216992378235
0.0149845881387591
0.223975345492363
0.56453138589859
0.266853839159012
0.6083864569664
0.876522123813629
0.779564797878265
0.691702008247375
0.360515147447586
0.831232666969299
0.40894803404808
0.942197918891907
0.335642576217651
0.298318415880203
0.113498337566853
0.661488711833954
0.227912232279778
0.824671149253845
0.864467322826386
0.600329577922821
0.291299164295197
0.629291653633118
0.561784744262695
0.887417197227478
0.154148995876312
0.284737706184387
0.615497291088104
0.410534977912903
0.299783319234848
0.400158703327179
0.52067631483078
0.215948969125748
0.494247257709503
0.462874233722687
0.95849484205246
0.331125825643539
0.942899882793427
0.494247257709503
0.453352451324463
0.917661070823669
0.456312745809555
0.676137566566467
0.118228703737259
0.160527363419533
0.407605201005936
0.60457170009613
0.519028306007385
0.800164818763733
0.761772513389587
0.326517522335052
0.189245283603668
0.712851345539093
0.958647429943085
0.815973401069641
0.82662433385849
0.446699410676956
0.930570363998413
0.0458082817494869
0.702200412750244
0.11865596473217
0.0361033976078033
0.311868637800217
0.313882857561111
0.579271852970123
0.191137418150902
0.964842677116394
0.815301954746246
0.250984221696854
0.978240311145782
0.206671342253685
0.251167327165604
0.546952724456787
0.0158696249127388
0.108066044747829
0.130771815776825
0.275795757770538
0.368938267230988
0.502456724643707
0.370372623205185
0.939176619052887
0.280983924865723
0.91332745552063
0.136204108595848
0.328012943267822
0.0104983672499657
0.171178326010704
0.618915379047394
0.324015021324158
0.0517288744449615
0.876033842563629
0.270973831415176
0.312234878540039
0.52134770154953
0.361735880374908
0.538407564163208
0.111453600227833
0.992706060409546
0.318918436765671
0.617633581161499
0.82842493057251
0.558427691459656
0.731864392757416
0.268929094076157
0.541734039783478
0.402813792228699
0.286538273096085
0.218268379569054
0.222754597663879
0.665211975574493
0.905270516872406
0.177617728710175
0.798486292362213
0.875667572021484
0.56477552652359
0.0161137729883194
0.763512074947357
0.744102299213409
0.053621020168066
0.112704858183861
0.247108370065689
0.584368407726288
0.82540363073349
0.421704769134521
0.941618084907532
0.154118478298187
0.603686630725861
0.28241828083992
0.798181116580963
0.192052975296974
0.895504593849182
0.504379391670227
0.896664321422577
0.433698534965515
0.0690633878111839
0.758903801441193
0.395428329706192
0.386883139610291
0.152165293693542
0.808740496635437
0.967497766017914
0.64824366569519
0.00759910885244608
0.60698264837265
0.629291653633118
0.042085025459528
0.0419019125401974
0.796044826507568
0.368144780397415
0.362681955099106
0.103213600814343
0.638386189937592
0.47505110502243
0.00131229590624571
0.725241839885712
0.91045868396759
0.988555550575256
0.239387184381485
0.372875154018402
0.790276825428009
0.156193733215332
0.488723397254944
0.846217215061188
0.270729690790176
0.320230722427368
0.260567039251328
0.49879452586174
0.129428997635841
0.13266396522522
0.144047364592552
0.426862388849258
0.986419260501862
0.507339715957642
0.576067388057709
0.285317540168762
0.481002241373062
0.214087337255478
0.682912707328796
0.886928915977478
0.0991851538419724
0.522110641002655
0.975981950759888
0.24103519320488
0.682485401630402
0.798120081424713
0.181798756122589
0.18811608850956
0.149601727724075
0.465926080942154
0.988341927528381
0.28583636879921
0.462630093097687
0.233680233359337
0.988433480262756
0.103885009884834
0.36811426281929
0.994933903217316
0.601733446121216
0.582842469215393
0.945280313491821
0.309396654367447
0.256660670042038
0.613849282264709
0.491683691740036
0.87081515789032
0.612994790077209
0.495467990636826
0.778405129909515
0.86660361289978
0.106936857104301
0.423291712999344
0.205206453800201
0.636738181114197
0.599810779094696
0.669545590877533
0.887844502925873
0.537797152996063
0.41117587685585
0.607806622982025
0.207739487290382
0.417950987815857
0.518387377262115
0.240241706371307
0.856349349021912
0.609973430633545
0.203070163726807
0.382671594619751
0.904202401638031
0.847682118415833
0.926236748695374
0.164159059524536
0.927396476268768
0.0127262184396386
0.713217556476593
0.99752801656723
0.721396505832672
0.117770925164223
0.829584658145905
0.676381707191467
0.634205162525177
0.431775867938995
0.0292672514915466
0.755821406841278
0.0498062074184418
0.154667809605598
0.156254768371582
0.872341096401215
0.0534684285521507
0.546922206878662
0.381084620952606
0.159367650747299
0.809747636318207
0.920102536678314
0.853236496448517
0.415051728487015
0.684530138969421
0.395611435174942
0.0509048737585545
0.1778923869133
0.642841875553131
0.836786985397339
0.60927152633667
0.367107152938843
0.9529709815979
0.861140787601471
0.908505499362946
0.643543779850006
0.728476822376251
0.339274257421494
0.202642902731895
0.147618025541306
0.339640498161316
0.28583636879921
0.571245431900024
0.770409226417542
0.225074008107185
0.549821496009827
0.473769336938858
0.614276587963104
0.134800255298615
0.209479048848152
0.189458906650543
0.799096643924713
0.336680203676224
0.0790124237537384
0.922818660736084
0.270455032587051
0.816644787788391
0.232490003108978
0.856410384178162
0.766197681427002
0.00427259132266045
0.951719701290131
0.932401478290558
0.597155690193176
0.0553910955786705
0.0042115543037653
0.643513262271881
0.398846387863159
0.222113713622093
0.657612860202789
0.615253150463104
0.510055840015411
0.342295616865158
0.336283445358276
0.260444968938828
0.134342476725578
0.979277908802032
0.327249974012375
0.286904513835907
0.941587567329407
0.2433240711689
0.440809339284897
0.340433984994888
0.264534443616867
0.82595294713974
0.03265480697155
0.56328010559082
0.547929346561432
0.278237253427505
0.293679624795914
0.350260943174362
0.205389574170113
0.0648823529481888
0.213232830166817
0.0832850113511086
0.541032135486603
0.424451440572739
0.122898034751415
0.125522628426552
0.891628801822662
0.567857921123505
0.226355791091919
0.856715619564056
0.645741164684296
0.245857119560242
0.0218207351863384
0.0307016205042601
0.296121090650558
0.216956079006195
0.0233771782368422
0.236579492688179
0.181585133075714
0.646900832653046
0.687398910522461
0.744407474994659
0.0744651630520821
0.971129477024078
0.950254857540131
0.51707512140274
0.270149856805801
0.251289397478104
0.283547461032867
0.669454038143158
0.334635466337204
0.557359516620636
0.673360407352448
0.155980095267296
0.166814178228378
0.406048774719238
0.429364919662476
0.968108177185059
0.531266212463379
0.787408053874969
0.230353713035584
0.622547090053558
0.718008995056152
0.810388505458832
0.312417984008789
0.222113713622093
0.485427409410477
0.498947113752365
0.205816835165024
0.869899570941925
0.942991435527802
0.769585251808167
0.927060782909393
0.718039512634277
0.529007852077484
0.122013002634048
0.0321359895169735
0.432874530553818
0.74111145734787
0.0738547965884209
0.437665939331055
0.357188642024994
0.774285078048706
0.870601534843445
0.41532638669014
0.150730922818184
0.723776996135712
0.502395689487457
0.666981995105743
0.190984830260277
0.508499383926392
0.558732867240906
0.885647118091583
0.514572560787201
0.171422466635704
0.952116429805756
0.709280669689178
0.581011354923248
0.713309109210968
0.0422070994973183
0.473464161157608
0.640186786651611
0.115604117512703
0.191686764359474
0.668813109397888
0.984221935272217
0.709402740001678
0.284798741340637
0.510116875171661
0.865657508373261
0.545976161956787
0.240363776683807
0.52290415763855
0.362895607948303
0.925962090492249
0.0497146509587765
0.553666770458221
0.974028766155243
0.742393255233765
0.37189856171608
0.11041596531868
0.220221564173698
0.795190274715424
0.216071054339409
0.439497053623199
0.0408337675035
0.731864392757416
0.743552982807159
0.244880527257919
0.25998717546463
0.771965682506561
0.720114767551422
0.45640429854393
0.907101631164551
0.870662569999695
0.64980012178421
0.952940464019775
0.672078609466553
0.478194534778595
0.121799372136593
0.647083938121796
0.276528209447861
0.551255822181702
0.401409953832626
0.837366878986359
0.0423291735351086
0.972472310066223
0.796258449554443
0.234076961874962
0.438550978899002
0.0344248786568642
0.829340517520905
0.56559956073761
0.888088643550873
0.144505143165588
0.749900817871094
0.170567944645882
0.615710914134979
0.406353950500488
0.41346475481987
0.482985943555832
0.817926585674286
0.234870448708534
0.0621356852352619
0.816064953804016
0.936521470546722
0.660481572151184
0.0367137677967548
0.350932329893112
0.317026287317276
0.479171127080917
0.951658666133881
0.73720508813858
0.0329905077815056
0.904599130153656
0.363933235406876
0.210333570837975
0.157475516200066
0.877956509590149
0.467757195234299
0.633625268936157
0.26334422826767
0.692953288555145
0.845576345920563
0.36967071890831
0.433088153600693
0.0909451618790627
0.806939899921417
0.388592183589935
0.559678971767426
0.483291119337082
0.346842855215073
0.51853996515274
0.219794303178787
0.456801056861877
0.254097104072571
0.245002597570419
0.900540173053741
0.21872615814209
0.401562541723251
0.965697169303894
0.860774576663971
0.13742484152317
0.749168395996094
0.105899229645729
0.408673346042633
0.0349436923861504
0.0910061970353127
0.00244148075580597
0.876491606235504
0.387798696756363
0.078188419342041
0.960509061813354
0.0736716836690903
0.0921659022569656
0.547837734222412
0.391064167022705
0.500015258789063
0.950132727622986
0.690176069736481
0.434705644845963
0.0995513796806335
0.532181739807129
0.0849635303020477
0.977721512317657
0.837061703205109
0.573717474937439
0.138065740466118
0.467177331447601
0.877559721469879
0.560319840908051
0.949644446372986
0.431104451417923
0.65114289522171
0.659260869026184
0.145420700311661
0.109958186745644
0.583544433116913
0.652607798576355
0.702078282833099
0.105563521385193
0.773857831954956
0.0285653248429298
0.297738581895828
0.45423749089241
0.401013225317001
0.887691855430603
0.219580680131912
0.0293893255293369
0.139866322278976
0.818994700908661
0.358836621046066
0.681173145771027
0.368449956178665
0.403912484645844
0.32535782456398
0.0180364400148392
0.447218239307404
0.502853453159332
0.212286755442619
0.237678155303001
0.852168321609497
0.981383681297302
0.0424817651510239
0.912594974040985
0.442335277795792
0.0321970283985138
0.427838981151581
0.137211218476295
0.643787980079651
0.748924195766449
0.472731709480286
0.942808330059052
0.830317080020905
0.108188115060329
0.452803134918213
0.385570853948593
0.683095812797546
0.0161442924290895
0.300485253334045
0.215582758188248
0.809991776943207
0.575670659542084
0.428418844938278
0.531540870666504
0.405621498823166
0.230506300926209
0.921781063079834
0.328226566314697
0.234168529510498
0.942716777324677
0.631336390972137
0.342875450849533
0.715231776237488
0.0592974647879601
0.197973564267159
0.106570638716221
0.394726395606995
0.0250251777470112
0.539994478225708
0.606952130794525
0.581774353981018
0.596667349338531
0.834894835948944
0.468428611755371
0.432752460241318
0.715750575065613
0.526017010211945
0.0565202794969082
0.263924062252045
0.695669412612915
0.386547446250916
0.411816775798798
0.373821228742599
0.879665493965149
0.170598462224007
0.420667141675949
0.156620994210243
0.425366997718811
0.884212791919708
0.128208264708519
0.787957370281219
0.372997224330902
0.205969423055649
0.600421130657196
0.263863027095795
0.652729868888855
0.0901211574673653
0.240882590413094
0.0749534592032433
0.18781091272831
0.08172857016325
0.969511985778809
0.296243160963058
0.749748229980469
0.376628935337067
0.168095946311951
0.374462097883224
0.721549093723297
0.156346321105957
0.800347924232483
0.393749803304672
0.425489068031311
0.229895934462547
0.61149936914444
0.101168856024742
0.171575054526329
0.513443410396576
0.814630568027496
0.473311573266983
0.683034777641296
0.378887295722961
0.169286176562309
0.104922637343407
0.0547196865081787
0.403271585702896
0.859157085418701
0.201483204960823
0.901577830314636
0.549302637577057
0.0745567157864571
0.455946534872055
0.851863145828247
0.309183031320572
0.706656098365784
0.592120110988617
0.0433973222970963
0.842432916164398
0.0586565770208836
0.854915022850037
0.777275919914246
0.638935506343842
0.981536328792572
0.22907193005085
0.986114084720612
0.739036202430725
0.339243739843369
0.668111205101013
0.673390924930573
0.0410779155790806
0.21066926419735
0.113681450486183
0.979308426380157
0.728415787220001
0.733848094940186
0.587725460529327
0.0301522873342037
0.346507161855698
0.999237060546875
0.137668997049332
0.22690512239933
0.56205940246582
0.897915601730347
0.916867554187775
0.129673153162003
0.134678184986115
0.331278413534164
0.180578023195267
0.594103813171387
0.132816553115845
0.688192367553711
0.479720443487167
0.315744489431381
0.925199151039124
0.99584949016571
0.832605957984924
0.439313948154449
0.978637039661407
0.65102082490921
0.156834617257118
0.388225972652435
0.994079411029816
0.13742484152317
0.742088079452515
0.571306526660919
0.411450535058975
0.635670006275177
0.0451063588261604
0.122714929282665
0.815210402011871
0.932004749774933
0.588305294513702
0.331217378377914
0.271218001842499
0.532395422458649
0.243049412965775
0.915158569812775
0.126804411411285
0.387585073709488
0.679067373275757
0.799523890018463
0.304757833480835
0.135990485548973
0.260933250188828
0.551103234291077
0.622791230678558
0.270241409540176
0.173345133662224
0.128086179494858
0.169621869921684
0.133945733308792
0.0559099093079567
0.100497454404831
0.269051194190979
0.154667809605598
0.929075002670288
0.997375428676605
0.063020721077919
0.219641715288162
0.6922208070755
0.937192916870117
0.245155185461044
0.600115954875946
0.975524127483368
0.198065131902695
0.975859880447388
0.330851167440414
0.626209318637848
0.883236169815063
0.510452568531036
0.451063573360443
0.611224710941315
0.338602870702744
0.571367561817169
0.0127262184396386
0.616748571395874
0.478682816028595
0.995635867118835
0.263039022684097
0.126560255885124
0.676778495311737
0.689230024814606
0.906460762023926
0.26010924577713
0.375957518815994
0.419110685586929
0.853511154651642
0.15137180685997
0.0770287215709686
0.474471271038055
0.362102121114731
0.150334179401398
0.859553813934326
0.728446304798126
0.977477312088013
0.627643644809723
0.0924100503325462
0.131290629506111
0.177282020449638
0.664235353469849
0.490279853343964
0.166692093014717
0.128299817442894
0.407025367021561
0.171575054526329
0.301980644464493
0.46024963259697
0.371623903512955
0.875118255615234
0.963927149772644
0.463698238134384
0.473769336938858
0.990844428539276
0.0708639770746231
0.618152379989624
0.0704672411084175
0.561479508876801
0.65340131521225
0.856227278709412
0.792199492454529
0.911191165447235
0.593249320983887
0.470442831516266
0.447126686573029
0.0569780580699444
0.0133060701191425
0.0691244229674339
0.779320657253265
0.560380876064301
0.349101215600967
0.487014383077621
0.361247599124908
0.973815143108368
0.632923364639282
0.0573137626051903
0.402600169181824
0.539902925491333
0.0223090313374996
0.151585429906845
0.756248652935028
0.298226863145828
0.104007080197334
0.392986834049225
0.902676463127136
0.257026880979538
0.00430310983210802
0.449995428323746
0.19425031542778
0.785271763801575
0.837427914142609
0.816370129585266
0.140690326690674
0.881862878799438
0.5230872631073
0.483382672071457
0.016327403485775
0.478072464466095
0.504318356513977
0.91152685880661
0.571398079395294
0.429334402084351
0.397106856107712
0.20651875436306
0.127658918499947
0.352641373872757
0.102664269506931
0.907315313816071
0.840479731559753
0.966277062892914
0.414197206497192
0.291146576404572
0.407635718584061
0.0871608629822731
0.648640394210815
0.602923691272736
0.00723288673907518
0.943388164043427
0.335428923368454
0.114139229059219
0.745017826557159
0.95669424533844
0.492904454469681
0.418744474649429
0.39252907037735
0.65239417552948
0.524033308029175
0.87093722820282
0.69817191362381
0.852504014968872
0.262276083230972
0.572283089160919
0.0510269477963448
0.807916522026062
0.199377417564392
0.813654005527496
0.780175149440765
0.426831871271133
0.425885796546936
0.378673672676086
0.869228184223175
0.254615932703018
0.315775007009506
0.614490211009979
0.368938267230988
0.362285226583481
0.486678659915924
0.676717400550842
0.287789553403854
0.799188196659088
0.0664082765579224
0.853999435901642
0.242439046502113
0.766441822052002
0.797845363616943
0.379467159509659
0.649464428424835
0.167363509535789
0.0123294778168201
0.634296715259552
0.738853096961975
0.6912442445755
0.00418103579431772
0.150212109088898
0.171575054526329
0.0860316753387451
0.836268186569214
0.317392498254776
0.541611969470978
0.777672648429871
0.108584858477116
0.203070163726807
0.543839812278748
0.490188300609589
0.721457540988922
0.388470113277435
0.0896633788943291
0.0252082888036966
0.163274019956589
0.228858307003975
0.150730922818184
0.854945540428162
0.355784773826599
0.444196909666061
0.612689614295959
0.686452805995941
0.586443662643433
0.445844918489456
0.919553220272064
0.652668833732605
0.560533463954926
0.305917531251907
0.791039764881134
0.28650775551796
0.103366188704968
0.775566875934601
0.792687773704529
0.934873521327972
0.544267117977142
0.258033990859985
0.0411389507353306
0.767662584781647
0.313180953264236
0.143528550863266
0.825495183467865
0.0393993966281414
0.78182315826416
0.411206394433975
0.425519585609436
0.758781671524048
0.879940211772919
0.905178964138031
0.908932745456696
0.422406703233719
0.51817375421524
0.190679654479027
0.187902465462685
0.969939291477203
0.34916228055954
0.396404922008514
0.117099523544312
0.615283668041229
0.897335708141327
0.949583411216736
0.913541078567505
0.711874723434448
0.589373469352722
0.609607219696045
0.680166006088257
0.306741535663605
0.716269433498383
0.707113862037659
0.314188063144684
0.540665924549103
0.858272016048431
0.994201481342316
0.581591248512268
0.550035119056702
0.803827047348022
0.0119937742128968
0.638447225093842
0.0270699188113213
0.494216740131378
0.382610559463501
0.781243324279785
0.0946073830127716
0.02453688159585
0.930600881576538
0.706717133522034
0.651234447956085
0.232764676213264
0.0409863591194153
0.0626850202679634
0.843592643737793
0.907803595066071
0.160161137580872
0.571459114551544
0.822016060352325
0.147953733801842
0.844996511936188
0.506149470806122
0.435377061367035
0.901333630084991
0.267433702945709
0.802423179149628
0.0216986611485481
0.218634605407715
0.580492556095123
0.585863828659058
0.950956761837006
0.250526458024979
0.051454208791256
0.396679580211639
0.0755333080887794
0.52009642124176
0.369426548480988
0.893002092838287
0.745872378349304
0.502121031284332
0.0322885848581791
0.313821822404861
0.546098232269287
0.0402233973145485
0.22064882516861
0.483138531446457
0.407177954912186
0.633136987686157
0.0639667958021164
0.636127829551697
0.252906888723373
0.121158480644226
0.705618441104889
0.849024951457977
0.835596799850464
0.804773092269897
0.0729697570204735
0.353679001331329
0.917111754417419
0.52549821138382
0.759117424488068
0.518204271793365
0.452406376600266
0.74138617515564
0.921506404876709
0.774681866168976
0.930723011493683
0.127719968557358
0.605151534080505
0.275643169879913
0.531601905822754
0.734336376190186
0.395519882440567
0.560289323329926
0.251380950212479
0.230780974030495
0.807733416557312
0.0114139225333929
0.65684986114502
0.270882278680801
0.318460643291473
0.385113060474396
0.421826839447021
0.507339715957642
0.446607857942581
0.193395793437958
0.303537100553513
0.288155764341354
0.789117097854614
0.222174748778343
0.714377284049988
0.566118359565735
0.417981505393982
0.964812159538269
0.545823514461517
0.0519730225205421
0.545091092586517
0.253120511770248
0.400494396686554
0.143528550863266
0.860499918460846
0.86696982383728
0.888637959957123
0.660878300666809
0.451155126094818
0.403393656015396
0.145329147577286
0.919919431209564
0.705771028995514
0.186925873160362
0.224707782268524
0.174810022115707
0.112308114767075
0.502273619174957
0.527237772941589
0.960966825485229
0.354319900274277
0.930173635482788
0.9166539311409
0.369334995746613
0.61229282617569
0.0682699084281921
0.682332813739777
0.784142553806305
0.47636342048645
0.418103575706482
0.00393688771873713
0.114230781793594
0.376689970493317
0.719046592712402
0.0739768669009209
0.0501419119536877
0.937498092651367
0.510940909385681
0.534989476203918
0.377666562795639
0.161320835351944
0.206610307097435
0.387310415506363
0.879299283027649
0.849574267864227
0.455214083194733
0.0240485854446888
0.854945540428162
0.16550187766552
0.0777001231908798
0.548905909061432
0.792840361595154
0.746421694755554
0.356395155191422
0.0335398428142071
0.222327336668968
0.270302444696426
0.958647429943085
0.87105929851532
0.279396951198578
0.884640038013458
0.276772350072861
0.880703151226044
0.0162663664668798
0.401806682348251
0.465590387582779
0.321512490510941
0.986571848392487
0.669393002986908
0.957823395729065
0.469893485307693
0.136967077851295
0.0194708090275526
0.73982971906662
0.918057799339294
0.536973178386688
0.205206453800201
0.168004393577576
0.24951933324337
0.977477312088013
0.729300796985626
0.607745587825775
0.247749254107475
0.970000326633453
0.971739888191223
0.675527215003967
0.294106870889664
0.177495658397675
0.0222174748778343
0.36613056063652
0.111758783459663
0.808038592338562
0.624469757080078
0.845759451389313
0.511307120323181
0.00244148075580597
0.13736380636692
0.192236095666885
0.294747769832611
0.747856080532074
0.920682370662689
0.864070534706116
0.973906695842743
0.34717857837677
0.050233468413353
0.178930014371872
0.459425628185272
0.977141618728638
0.770012497901917
0.583452880382538
0.376903593540192
0.364940345287323
0.586138486862183
0.994994938373566
0.166051208972931
0.115756705403328
0.410412907600403
0.997131288051605
0.619525730609894
0.721427023410797
0.658345282077789
0.16995757818222
0.0170598477125168
0.78234201669693
0.708853423595428
0.336222410202026
0.512222647666931
0.473433643579483
0.631427943706512
0.00469985045492649
0.926541924476624
0.78548538684845
0.587084591388702
0.792474150657654
0.60878324508667
0.572984993457794
0.809564471244812
0.106295965611935
0.514633595943451
0.940275251865387
0.572527229785919
0.865810096263886
0.163274019956589
0.99615466594696
0.0497146509587765
0.548204004764557
0.627338469028473
0.509659111499786
0.473830372095108
0.337046414613724
0.212103635072708
0.496902376413345
0.500137329101563
0.65550708770752
0.980803847312927
0.270973831415176
0.181951358914375
0.865626990795136
0.78115177154541
0.986114084720612
0.463301479816437
0.414990693330765
0.930967152118683
0.207098603248596
0.595690786838531
0.211981564760208
0.217535942792892
0.535386204719543
0.384533226490021
0.510422050952911
0.368083745241165
0.8230841755867
0.672566890716553
0.0856349393725395
0.646961867809296
0.00604266487061977
0.965086817741394
0.982573926448822
0.736259043216705
0.0874660462141037
0.60463273525238
0.617480993270874
0.555589437484741
0.30298775434494
0.400433361530304
0.514389455318451
0.1778923869133
0.998779237270355
0.119205296039581
0.45759454369545
0.497024446725845
0.253578305244446
0.743675053119659
0.341257959604263
0.803399741649628
0.776635050773621
0.904660165309906
0.497878968715668
0.924436151981354
0.111545152962208
0.393627732992172
0.78609573841095
0.0854518264532089
0.678609549999237
0.161198765039444
0.219763785600662
0.147556990385056
0.685964524745941
0.708395659923553
0.419385343790054
0.378826260566711
0.441267132759094
0.276680797338486
0.666737854480743
0.414807587862015
0.0950651541352272
0.743247807025909
0.844569206237793
0.56477552652359
0.346812337636948
0.627307951450348
0.042085025459528
0.120059818029404
0.14523757994175
0.114261299371719
0.108005002140999
0.820459604263306
0.914273500442505
0.503555417060852
0.931669056415558
0.134983360767365
0.334910124540329
0.986510813236237
0.734305858612061
0.513687551021576
0.216010004281998
0.160740986466408
0.151219218969345
0.265907764434814
0.483321636915207
0.187078461050987
0.386211723089218
0.222327336668968
0.819330394268036
0.995117008686066
0.219428077340126
0.835901975631714
0.984679698944092
0.443861216306686
0.150120541453362
0.878902554512024
0.352458268404007
0.844233512878418
0.455336153507233
0.391735583543777
0.686788558959961
0.748283326625824
0.445936471223831
0.0399792492389679
0.696371376514435
0.413068026304245
0.701040685176849
0.535996556282043
0.395184189081192
0.844019889831543
0.562334060668945
0.280922889709473
0.800866723060608
0.824793219566345
0.669331967830658
0.884090721607208
0.00195318460464478
0.839991450309753
0.816949963569641
0.715231776237488
0.126163512468338
0.296243160963058
0.916501343250275
0.146275222301483
0.239600822329521
0.948820471763611
0.341502130031586
0.639118611812592
0.709372222423553
0.939085066318512
0.439710676670074
0.334727019071579
0.0599993914365768
0.35001677274704
0.491988897323608
0.30112612247467
0.855647444725037
0.685293138027191
0.900021374225616
0.0954313799738884
0.638325154781342
0.178350165486336
0.883724451065063
0.796624660491943
0.454786837100983
0.338114559650421
0.469649344682693
0.165410324931145
0.00183111056685448
0.636982321739197
0.0516373179852962
0.0871913805603981
0.922605037689209
0.747795045375824
0.30497145652771
0.954618990421295
0.28397473692894
0.235877558588982
0.73537403345108
0.145451217889786
0.767326891422272
0.112369149923325
0.643940567970276
0.252998441457748
0.603106796741486
0.15509507060051
0.789391756057739
0.224219486117363
0.780999183654785
0.403393656015396
0.528855264186859
0.0625934600830078
0.56651508808136
0.732932507991791
0.718253135681152
0.251411467790604
0.855800032615662
0.916806519031525
0.153965875506401
0.554460287094116
0.399243146181107
0.079317606985569
0.836634397506714
0.349314868450165
0.425672173500061
0.948606848716736
0.838282406330109
0.150730922818184
0.69811087846756
0.814142286777496
0.0545670948922634
0.479201644659042
0.532456457614899
0.595782339572906
0.622913300991058
0.731772840023041
0.810449540615082
0.930326223373413
0.287606447935104
0.210913419723511
0.51756340265274
0.681905567646027
0.494003117084503
0.968016624450684
0.838190853595734
0.78240305185318
0.491927862167358
0.617297887802124
0.338145077228546
0.808160662651062
0.230384230613709
0.777062296867371
0.266670733690262
0.199468985199928
0.324503302574158
0.293771177530289
0.508651971817017
0.528794229030609
0.876003324985504
0.905850410461426
0.218512535095215
0.723807513713837
0.428296774625778
0.502945065498352
0.667134642601013
0.65221107006073
0.837824642658234
0.637470602989197
0.332651764154434
0.973845660686493
0.342356652021408
0.444013804197311
0.766838610172272
0.666615784168243
0.608294904232025
0.623401582241058
0.268074601888657
0.132633447647095
0.0370189510285854
0.647358596324921
0.892300188541412
0.290719330310822
0.113132111728191
0.840296626091003
0.832880616188049
0.561174333095551
0.0740989446640015
0.494064152240753
0.701071202754974
0.149693295359612
0.684041857719421
0.672292232513428
0.73809015750885
0.536423861980438
0.391949206590652
0.860469400882721
0.489944159984589
0.575884282588959
0.656086921691895
0.117831967771053
0.976622819900513
0.114932708442211
0.715597987174988
0.887661337852478
0.886410117149353
0.534440159797668
0.590624690055847
0.121799372136593
0.82711261510849
0.120853297412395
0.592120110988617
0.876064360141754
0.164983063936234
0.674367487430573
0.122836999595165
0.0325022116303444
0.482894361019135
0.259346306324005
0.0505386516451836
0.30491042137146
0.188756987452507
0.504043698310852
0.434492021799088
0.183721423149109
0.305856496095657
0.354838699102402
0.887142539024353
0.976805925369263
0.975768327713013
0.692251324653625
0.351420640945435
0.601794481277466
0.705465853214264
0.714285731315613
0.575548589229584
0.287209689617157
0.890224933624268
0.493697941303253
0.0662862062454224
0.837519466876984
0.642475664615631
0.615436255931854
0.801934897899628
0.619098484516144
0.459181487560272
0.300088495016098
0.486312448978424
0.923276484012604
0.757957696914673
0.920285642147064
0.625141143798828
0.862331032752991
0.813776075839996
0.315622419118881
0.205755785107613
0.455061495304108
0.127170622348785
0.813013076782227
0.261818289756775
0.0582293160259724
0.755638301372528
0.357951611280441
0.103732414543629
0.799584925174713
0.638630330562592
0.663655519485474
0.496658235788345
0.169255658984184
0.448438972234726
0.783898413181305
0.566789746284485
0.426007866859436
0.99765008687973
0.0160527359694242
0.717490136623383
0.973357319831848
0.734092235565186
0.540269196033478
0.336527615785599
0.363414406776428
0.355571150779724
0.701376378536224
0.575457036495209
0.0834986418485641
0.0743125677108765
0.339609980583191
0.982421338558197
0.78246408700943
0.56361585855484
0.0762657523155212
0.270088821649551
0.0923490077257156
0.116977445781231
0.960997343063354
0.999237060546875
0.702597141265869
0.0516678355634212
0.386181205511093
0.45963928103447
0.841731011867523
0.887508749961853
0.675771355628967
0.529831826686859
0.82409131526947
0.332255005836487
0.253578305244446
0.796105861663818
0.817041516304016
0.60524308681488
0.798455774784088
0.712881863117218
0.485000163316727
0.129520550370216
0.291390717029572
0.0853297561407089
0.666981995105743
0.125003814697266
0.362346261739731
0.65538501739502
0.743247807025909
0.13296914100647
0.841151177883148
0.0723899081349373
0.847956776618958
0.00335703603923321
0.920499265193939
0.0303048808127642
0.583605468273163
0.376506865024567
0.836207151412964
0.851496934890747
0.393658250570297
0.190008237957954
0.471297353506088
0.299447625875473
0.249763488769531
0.242347478866577
0.790215790271759
0.901272594928741
0.809564471244812
0.344340354204178
0.509414970874786
0.560899674892426
0.701406896114349
0.0897854566574097
0.91033661365509
0.744926273822784
0.0924405679106712
0.776635050773621
0.201452687382698
0.0216986611485481
0.196081429719925
0.509323418140411
0.335367888212204
0.235358744859695
0.875057220458984
0.0146488845348358
0.686941146850586
0.095675528049469
0.99652087688446
0.201300084590912
0.499313324689865
0.465376764535904
0.695425271987915
0.994994938373566
0.503738522529602
0.125858336687088
0.202276676893234
0.480056166648865
0.619342625141144
0.30274361371994
0.391552478075027
0.879360318183899
0.13922543823719
0.732352674007416
0.707144379615784
0.402691721916199
0.309335619211197
0.550492882728577
0.620929598808289
0.496200442314148
0.705893099308014
0.784844517707825
0.280922889709473
0.522995710372925
0.318033397197723
0.731894910335541
0.504989802837372
0.406933814287186
0.74199652671814
0.000244148075580597
0.776574015617371
0.270393997430801
0.3923459649086
0.500778198242188
0.398663282394409
0.597491383552551
0.137607961893082
0.16556291282177
0.462202817201614
0.953855991363525
0.265602588653564
0.676625847816467
0.785027623176575
0.794518887996674
0.185247346758842
0.985351085662842
0.47810298204422
0.39066743850708
0.770958602428436
0.904660165309906
0.294656217098236
0.406994849443436
0.755699336528778
0.554338216781616
0.418836027383804
0.160557880997658
0.079409159719944
0.941160321235657
0.850276172161102
0.0925931558012962
0.598620533943176
0.455214083194733
0.0401928760111332
0.484450817108154
0.0634174644947052
0.563432693481445
0.936246812343597
0.949003577232361
0.768700242042542
0.481337934732437
0.0912198275327683
0.728415787220001
0.784966588020325
0.105105750262737
0.993102788925171
0.330301821231842
0.176030769944191
0.984160900115967
0.271340072154999
0.532517492771149
0.108829006552696
0.616260290145874
0.937101364135742
0.288613557815552
0.262245565652847
0.846095144748688
0.312265396118164
0.564867079257965
0.441022992134094
0.648518323898315
0.804712057113647
0.640217304229736
0.801019310951233
0.078005313873291
0.185125276446342
0.900357067584991
0.591906487941742
0.665273010730743
0.522232711315155
0.657124519348145
0.823938727378845
0.042115543037653
0.432447284460068
0.0246894750744104
0.764549672603607
0.0767540484666824
0.800195336341858
0.383465081453323
0.671376705169678
0.299356073141098
0.625202178955078
0.463240444660187
0.668019652366638
0.900387585163116
0.152958765625954
0.576799809932709
0.168218031525612
0.0822168663144112
0.944853067398071
0.0349131748080254
0.755668818950653
0.0456251725554466
0.043366800993681
0.274636059999466
0.924588739871979
0.3923459649086
0.890316486358643
0.731223464012146
0.588335812091827
0.224494159221649
0.152012690901756
0.985869944095612
0.761619925498962
0.723197102546692
0.110049746930599
0.219885855913162
0.322733223438263
0.486342966556549
0.771996200084686
0.506942987442017
0.262337118387222
0.407757818698883
0.359233379364014
0.974120318889618
0.324655890464783
0.378368467092514
0.328318119049072
0.363597512245178
0.447462379932404
0.591082513332367
0.581408143043518
0.0261238440871239
0.907345831394196
0.730460524559021
0.0225226599723101
0.877010405063629
0.576006352901459
0.828089237213135
0.115909300744534
0.346446126699448
0.19455549120903
0.0655842795968056
0.602221727371216
0.855311751365662
0.0711996853351593
0.306039601564407
0.0296334736049175
0.847468495368958
0.109195224940777
0.634907066822052
0.255409419536591
0.910000920295715
0.571275949478149
0.692403972148895
0.574297308921814
0.0125736258924007
0.486281931400299
0.0777611657977104
0.630359828472137
0.397320479154587
0.105105750262737
0.60734885931015
0.768181383609772
0.149998471140862
0.311349838972092
0.707083344459534
0.979796767234802
0.984649181365967
0.393292039632797
0.721457540988922
0.103427231311798
0.271645247936249
0.0837427899241447
0.419293791055679
0.430677205324173
0.841944634914398
0.273506879806519
0.47840815782547
0.377941220998764
0.597125172615051
0.304879903793335
0.229682296514511
0.378643155097961
0.458113342523575
0.251686155796051
0.442609935998917
0.65245521068573
0.682515919208527
0.0915860459208488
0.432477802038193
0.00750755332410336
0.0824610143899918
0.177556693553925
0.271797835826874
0.332499146461487
0.174382761120796
0.91424298286438
0.385906547307968
0.933896899223328
0.791161835193634
0.0455336160957813
0.314859449863434
0.375560790300369
0.188726469874382
0.460158079862595
0.922544002532959
0.976531267166138
0.178350165486336
0.920499265193939
0.834284484386444
0.622974336147308
0.314767897129059
0.621936678886414
0.384258538484573
0.0510879866778851
0.672994196414948
0.988433480262756
0.853907883167267
0.257026880979538
0.243812367320061
0.610553324222565
0.28254035115242
0.189611494541168
0.479903548955917
0.732413709163666
0.631641566753387
0.383037805557251
0.0233466606587172
0.193762019276619
0.583635985851288
0.684865891933441
0.146366775035858
0.233283489942551
0.757011651992798
0.736259043216705
0.935850083827972
0.0594500564038754
0.618549168109894
0.360087901353836
0.753502011299133
0.595416128635406
0.873928010463715
0.513992726802826
0.00259407330304384
0.303720206022263
0.618366062641144
0.963499844074249
0.732596814632416
0.497573792934418
0.0281075481325388
0.332621246576309
0.112796410918236
0.0443433932960033
0.874355316162109
0.687612533569336
0.30658894777298
0.868556797504425
0.640186786651611
0.309671312570572
0.777245402336121
0.159001439809799
0.523117780685425
0.814081251621246
0.556443989276886
0.688161849975586
0.102816857397556
0.270699173212051
0.507339715957642
0.148442029953003
0.95675528049469
0.483046978712082
0.112552262842655
0.91280859708786
0.00375377666205168
0.0815149396657944
0.819147288799286
0.124942779541016
0.858027875423431
0.587664425373077
0.471205800771713
0.526383280754089
0.973357319831848
0.105044707655907
0.861964762210846
0.925565361976624
0.860438883304596
0.793694853782654
0.935880601406097
0.716086328029633
0.157078772783279
0.78356271982193
0.672566890716553
0.350199908018112
0.833521544933319
0.684041857719421
0.183690905570984
0.173070460557938
0.313486129045486
0.34537798166275
0.0538651682436466
0.525223553180695
0.792901396751404
0.0281685851514339
0.456953644752502
0.51835685968399
0.536668002605438
0.637348532676697
0.0789819061756134
0.391521960496902
0.435499131679535
0.176824241876602
0.379253506660461
0.853480637073517
0.603839218616486
0.0814233869314194
0.220068976283073
0.317758709192276
0.299630731344223
0.581408143043518
0.397259443998337
0.436414688825607
0.948210060596466
0.757072687149048
0.10217597335577
0.838892817497253
0.550248742103577
0.438550978899002
0.846766591072083
0.482284009456635
0.256447046995163
0.6080202460289
0.882320642471313
0.519150376319885
0.388958394527435
0.45963928103447
0.644306778907776
0.0891140475869179
0.691518902778625
0.774468243122101
0.253151029348373
0.940549969673157
0.0893581956624985
0.765465259552002
0.603534042835236
0.288644075393677
0.740165412425995
0.0500198379158974
0.0721152350306511
0.816064953804016
0.65709400177002
0.905484199523926
0.376567900180817
0.222174748778343
0.685628831386566
0.463850826025009
0.615192115306854
0.227881714701653
0.114902190864086
0.00265511032193899
0.020447401329875
0.441206097602844
0.705343782901764
0.987517952919006
0.455824464559555
0.990844428539276
0.41309854388237
0.0227973274886608
0.188543349504471
0.333323150873184
0.593615531921387
0.367137670516968
0.968840599060059
0.140476703643799
0.964384913444519
0.169133573770523
0.946958839893341
0.672994196414948
0.109103672206402
0.080446794629097
0.459425628185272
0.546586513519287
0.804071187973022
0.401867747306824
0.215796381235123
0.297219753265381
0.947752296924591
0.418805509805679
0.9168980717659
0.651173412799835
0.375499755144119
0.0826746448874474
0.835901975631714
0.906521797180176
0.340128779411316
0.69408243894577
0.393749803304672
0.332071900367737
0.939848005771637
0.744254887104034
0.25986510515213
0.990508735179901
0.274422436952591
0.570909738540649
0.00943021941930056
0.890987873077393
0.611529886722565
0.984893321990967
0.8687704205513
0.878780484199524
0.343791007995605
0.5235755443573
0.579424440860748
0.166814178228378
0.0182195510715246
0.487838387489319
0.913296937942505
0.916684448719025
0.219183936715126
0.418073058128357
0.868861973285675
0.774101972579956
0.586077451705933
0.166142761707306
0.0804162696003914
0.766167163848877
0.747032046318054
0.219214454293251
0.471755117177963
0.466017633676529
0.449873358011246
0.43186742067337
0.684682786464691
0.831354737281799
0.671712398529053
0.82253485918045
0.314706861972809
0.622943818569183
0.988158822059631
0.590777277946472
0.484420299530029
0.809564471244812
0.983489513397217
0.0114139225333929
0.785882115364075
0.865535438060761
0.983367383480072
0.361857980489731
0.123538926243782
0.366954565048218
0.890835285186768
0.539078950881958
0.488906532526016
0.793145537376404
0.407086402177811
0.521866500377655
0.197668388485909
0.939329206943512
0.418378233909607
0.335612058639526
0.621723055839539
0.846980214118958
0.830133974552155
0.674764215946198
0.945616006851196
0.657918035984039
0.629474759101868
0.840052485466003
0.980559706687927
0.298501551151276
0.45771661400795
0.146305739879608
0.56572163105011
0.400189220905304
0.473708301782608
0.457319855690002
0.588854610919952
0.362651437520981
0.789574861526489
0.00369273964315653
0.157383948564529
0.965636134147644
0.25974303483963
0.140385150909424
0.951109349727631
0.436078995466232
0.905178964138031
0.199865713715553
0.287484347820282
0.376445800065994
0.752952694892883
0.0971709340810776
0.931760609149933
0.460554838180542
0.373851746320724
0.843256950378418
0.181585133075714
0.303415030241013
0.897946119308472
0.622669160366058
0.259193688631058
0.4111148416996
0.790032625198364
0.592150628566742
0.540574371814728
0.616748571395874
0.166325882077217
0.0558793917298317
0.654591500759125
0.90942108631134
0.933194994926453
0.174291208386421
0.981872022151947
0.0616168715059757
0.529374063014984
0.861995279788971
0.585772275924683
0.962004482746124
0.553209006786346
0.031464584171772
0.105960264801979
0.0592059083282948
0.0556352436542511
0.839197993278503
0.646259963512421
0.82360303401947
0.78054141998291
0.0889919772744179
0.187841430306435
0.632404565811157
0.133579522371292
0.450972020626068
0.559068560600281
0.985412180423737
0.161076694726944
0.650196850299835
0.493240147829056
0.456495851278305
0.319345682859421
0.282937109470367
0.805566549301147
0.288247317075729
0.316782116889954
0.415906250476837
0.220221564173698
0.0350047312676907
0.809289813041687
0.624927520751953
0.879512906074524
0.161137729883194
0.230384230613709
0.629261136054993
0.0654316842556
0.000579851679503918
0.537614047527313
0.178044989705086
0.165898621082306
0.984221935272217
0.155796989798546
0.344859153032303
0.415723145008087
0.540604889392853
0.899227857589722
0.886684775352478
0.444837808609009
0.577288150787354
0.153202921152115
0.82360303401947
0.164189577102661
0.948057472705841
0.0971404165029526
0.895535171031952
0.0205389577895403
0.812982559204102
0.249244660139084
0.0520340576767921
0.152012690901756
0.297250270843506
0.115329444408417
0.631672084331512
0.475112169981003
0.355052351951599
0.222083196043968
0.386944174766541
0.234565258026123
0.244758442044258
0.316324353218079
0.0114749595522881
0.0475173182785511
0.521744430065155
0.0116885891184211
0.32493057847023
0.972899556159973
0.95501571893692
0.663777589797974
0.772850751876831
0.637531638145447
0.273903608322144
0.754936397075653
0.396832168102264
0.950193762779236
0.151158183813095
0.570207834243774
0.932035267353058
0.434583574533463
0.328470706939697
0.445631265640259
0.187383651733398
0.713064968585968
0.290902435779572
0.369701236486435
0.365794867277145
0.17163610458374
0.396526992321014
0.219946891069412
0.479659408330917
0.338145077228546
0.86715292930603
0.41544845700264
0.51841789484024
0.00424207281321287
0.546769618988037
0.266396075487137
0.52458268404007
0.623310029506683
0.833887755870819
0.802514731884003
0.233710750937462
0.0142826624214649
0.69371622800827
0.360942423343658
0.435560166835785
0.904141366481781
0.156956687569618
0.715384364128113
0.711996853351593
0.338877528905869
0.210974454879761
0.0272530298680067
0.707998871803284
0.495376437902451
0.489852607250214
0.400708019733429
0.592272698879242
0.924497187137604
0.669576108455658
0.321909248828888
0.863643288612366
0.757316827774048
0.974425494670868
0.764946460723877
0.159092992544174
0.905545234680176
0.701162755489349
0.244392231106758
0.220404669642448
0.787102878093719
0.166692093014717
0.596942067146301
0.674794733524323
0.608569622039795
0.986358225345612
0.772362411022186
0.786706149578094
0.735343456268311
0.0877101942896843
0.415692627429962
0.836268186569214
0.181005284190178
0.36799219250679
0.52177494764328
0.281014442443848
0.747276246547699
0.399243146181107
0.942991435527802
0.357188642024994
0.845149099826813
0.0894802734255791
0.0320749543607235
0.276467174291611
0.529404580593109
0.704580843448639
0.200933873653412
0.674977898597717
0.776940226554871
0.157963812351227
0.676351189613342
0.470290243625641
0.540696442127228
0.974272906780243
0.234778895974159
0.78289133310318
0.61006498336792
0.832697510719299
0.196386605501175
0.0784020498394966
0.809228777885437
0.097018338739872
0.460493803024292
0.186895355582237
0.564683973789215
0.238196969032288
0.862971901893616
0.355021834373474
0.373271882534027
0.555467367172241
0.637409567832947
0.987975716590881
0.201452687382698
0.102786339819431
0.260872215032578
0.236915186047554
0.348002552986145
0.226722002029419
0.465895563364029
0.0887478291988373
0.800408959388733
0.621600985527039
0.69930112361908
0.113315224647522
0.616809606552124
0.308542132377625
0.810052812099457
0.52598649263382
0.364726692438126
0.444929361343384
0.246589556336403
0.720175802707672
0.147526472806931
0.369701236486435
0.545304715633392
0.927274405956268
0.249916076660156
0.791650116443634
0.39091157913208
0.15967284142971
0.934171557426453
0.52610856294632
0.031067842617631
0.093173012137413
0.417523741722107
0.687307357788086
0.324961096048355
0.0450758375227451
0.56303596496582
0.741416692733765
0.208471938967705
0.704367220401764
0.314004957675934
0.32758566737175
0.856379866600037
0.769890427589417
0.404248178005219
0.252784818410873
0.32294687628746
0.15335550904274
0.374767303466797
0.56645405292511
0.942777812480927
0.902584910392761
0.428266257047653
0.121768854558468
0.271919906139374
0.501937925815582
0.152989283204079
0.529435098171234
0.852015733718872
0.706045687198639
0.646992385387421
0.91009247303009
0.577379703521729
0.562822341918945
0.0736411660909653
0.352030992507935
0.947233498096466
0.782250463962555
0.180516988039017
0.480239272117615
0.983672618865967
0.106997892260551
0.812189102172852
0.0428174696862698
0.0970793813467026
0.841608941555023
0.948301672935486
0.921506404876709
0.680043935775757
0.195532083511353
0.298593103885651
0.471938222646713
0.710898160934448
0.597582936286926
0.985625803470612
0.600604295730591
0.148411512374878
0.636707663536072
0.346415609121323
0.484115123748779
0.398785352706909
0.786309421062469
0.385052025318146
0.337473690509796
0.635914206504822
0.567979991436005
0.906399726867676
0.13724173605442
0.256782740354538
0.310922563076019
0.862880349159241
0.706167817115784
0.252571195363998
0.163151949644089
0.945524454116821
0.06537064909935
0.777153849601746
0.511276602745056
0.950285375118256
0.46043273806572
0.69402140378952
0.464278072118759
0.950987279415131
0.967284142971039
0.383281946182251
0.558397173881531
0.810113847255707
0.0846888646483421
0.589129328727722
0.338663905858994
0.0589312426745892
0.219397559762001
0.590105891227722
0.973967730998993
0.677907645702362
0.469710379838943
0.472579121589661
0.561052262783051
0.808587908744812
0.614490211009979
0.789117097854614
0.274941265583038
0.928678214550018
0.713400661945343
0.382671594619751
0.0205389577895403
0.520950973033905
0.224616229534149
0.658497869968414
0.743064641952515
0.767937242984772
0.046601764857769
0.0838953852653503
0.0525833927094936
0.302774131298065
0.389629811048508
0.19840082526207
0.319376200437546
0.548417627811432
0.883938133716583
0.914578676223755
0.896176040172577
0.675557732582092
0.830256044864655
0.39103364944458
0.623737275600433
0.711325407028198
0.999420166015625
0.259468376636505
0.275704205036163
0.82930999994278
0.886593222618103
0.485793620347977
0.0993377491831779
0.352732926607132
0.82738733291626
0.647663831710815
0.108066044747829
0.501571714878082
0.881160914897919
0.909390568733215
0.282326728105545
0.415112763643265
0.888271749019623
0.47492903470993
0.334757536649704
0.481246381998062
0.6074098944664
0.801110863685608
0.19623401761055
0.503555417060852
0.339304774999619
0.351542711257935
0.878811001777649
0.7375408411026
0.942899882793427
0.172948390245438
0.871639132499695
0.327311009168625
0.65041047334671
0.0749839767813683
0.726798295974731
0.17386394739151
0.587481319904327
0.694753885269165
0.990447700023651
0.766258716583252
0.404766976833344
0.227423936128616
0.135959953069687
0.00677510909736156
0.926786124706268
0.10422071069479
0.655659675598145
0.562028884887695
0.224890902638435
0.398571729660034
0.966307580471039
0.769829392433167
0.0202948097139597
0.242377996444702
0.285927921533585
0.634754478931427
0.8232062458992
0.0331431031227112
0.137333288788795
0.942411601543427
0.714804530143738
0.713431179523468
0.634876549243927
0.0242316965013742
0.17783135175705
0.903714120388031
0.210455641150475
0.203863650560379
0.882564783096313
0.170110166072845
0.935758531093597
0.456495851278305
0.833552062511444
0.208166748285294
0.095706045627594
0.312234878540039
0.78463089466095
0.223761707544327
0.170934170484543
0.535050511360168
0.327249974012375
0.292580962181091
0.883999168872833
0.608172833919525
0.559160113334656
0.979491531848907
0.466597497463226
0.557451069355011
0.739158272743225
0.99868768453598
0.803949117660522
0.143894776701927
0.834681212902069
0.1962950527668
0.611957132816315
0.956602692604065
0.36811426281929
0.636524558067322
0.304116934537888
0.437116622924805
0.468276023864746
0.0723288655281067
0.704092502593994
0.367107152938843
0.532853186130524
0.582354187965393
0.259956657886505
0.849818408489227
0.40900906920433
0.65498822927475
0.917294859886169
0.316904217004776
0.49736014008522
0.500991880893707
0.305795460939407
0.592303216457367
0.686178147792816
0.875972747802734
0.397625654935837
0.543443083763123
0.52195805311203
0.193639948964119
0.291879028081894
0.352061539888382
0.5224769115448
0.211645856499672
0.28260138630867
0.935178697109222
0.0388500615954399
0.0705587938427925
0.866451025009155
0.547654628753662
0.572435677051544
0.968047142028809
0.845515310764313
0.0979338958859444
0.953184604644775
0.248603776097298
0.182714313268662
0.207586899399757
0.285561680793762
0.191045865416527
0.765007495880127
0.546464443206787
0.0684530138969421
0.273995190858841
0.731040358543396
0.474349200725555
0.39475691318512
0.201574757695198
0.519760727882385
0.520645797252655
0.637684226036072
0.469924002885818
0.295724362134933
0.733115613460541
0.529496133327484
0.755821406841278
0.907834112644196
0.427014976739883
0.0389111004769802
0.909176886081696
0.037232581526041
0.36582538485527
0.954100131988525
0.83010345697403
0.69130527973175
0.905117928981781
0.576158940792084
0.0118717001751065
0.69917905330658
0.130039364099503
0.431134968996048
0.031434066593647
0.36576434969902
0.518906235694885
0.405041664838791
0.768120348453522
0.940244734287262
0.162785723805428
0.209540084004402
0.632404565811157
0.0548722818493843
0.0733054578304291
0.583697021007538
0.585528135299683
0.791375458240509
0.609607219696045
0.138096258044243
0.231360822916031
0.529862344264984
0.555406332015991
0.248451188206673
0.761986136436462
0.237739190459251
0.878231167793274
0.903531014919281
0.0376903600990772
0.354045242071152
0.700918614864349
0.91479229927063
0.583391845226288
0.925778985023499
0.51774650812149
0.393780320882797
0.78188419342041
0.152409434318542
0.185644090175629
0.902859568595886
0.0460829511284828
0.995117008686066
0.722342610359192
0.186468094587326
0.250648528337479
0.00616473890841007
0.441938549280167
0.888485372066498
0.204748675227165
0.0358287319540977
0.46024963259697
0.162083804607391
0.447187721729279
0.972167134284973
0.0998870804905891
0.578844547271729
0.14487136900425
0.170262768864632
0.227637559175491
0.242225408554077
0.376232177019119
0.727500200271606
0.0539872422814369
0.513229787349701
0.580523073673248
0.26017028093338
0.427594840526581
0.252845853567123
0.454329043626785
0.339060634374619
0.154362618923187
0.988952279090881
0.076906643807888
0.238715782761574
0.373912781476974
0.912717044353485
0.544877469539642
0.158055365085602
0.523239850997925
0.111911371350288
0.898190259933472
0.567491710186005
0.920102536678314
0.946440041065216
0.618335545063019
0.839503169059753
0.496322512626648
0.972685933113098
0.479934066534042
0.818536937236786
0.713156521320343
0.323038429021835
0.0373546555638313
0.486709177494049
0.189245283603668
0.946928322315216
0.526963114738464
0.381420344114304
0.0727256089448929
0.618976414203644
0.466994225978851
0.921079158782959
0.688985884189606
0.121463671326637
0.735831797122955
0.295327603816986
0.494705051183701
0.506607234477997
0.409863591194153
0.0762047171592712
0.870174288749695
0.845057547092438
0.142612993717194
0.205877870321274
0.78035831451416
0.367320775985718
0.36613056063652
0.51780754327774
0.836664915084839
0.403820931911469
0.0955534502863884
0.447370827198029
0.790124237537384
0.0299386586993933
0.618945896625519
0.0880153849720955
0.987701058387756
0.822565376758575
0.852656662464142
0.249671921133995
0.82253485918045
0.633991539478302
0.644367814064026
0.675038933753967
0.709616363048553
0.790063202381134
0.804345846176147
0.0704061985015869
0.618182957172394
0.617847204208374
0.146580398082733
0.107547231018543
0.692007184028625
0.710165739059448
0.321115761995316
0.0518509484827518
0.988616585731506
0.832239747047424
0.718222618103027
0.174382761120796
0.86919766664505
0.877468168735504
0.226386308670044
0.602923691272736
0.0700399801135063
0.778282999992371
0.125156402587891
0.768974900245667
0.986754953861237
0.778069376945496
0.893795609474182
0.10638752579689
0.202642902731895
0.970976889133453
0.217108681797981
0.158818319439888
0.792718291282654
0.515366077423096
0.970183432102203
0.750816345214844
0.434064745903015
0.427350699901581
0.462416470050812
0.380260616540909
0.854182541370392
0.360850870609283
0.723013997077942
0.487502664327621
0.64854884147644
0.279854744672775
0.10837122797966
0.757683038711548
0.998535096645355
0.429944753646851
0.0132145145907998
0.112613297998905
0.320810586214066
0.514511525630951
0.966429650783539
0.548295557498932
0.379985958337784
0.482650220394135
0.892788469791412
0.474288165569305
0.894955277442932
0.834284484386444
0.8222296833992
0.711569547653198
0.170934170484543
0.849421679973602
0.82732629776001
0.804498434066772
0.788262605667114
0.647297561168671
0.470778524875641
0.803766012191772
0.878444790840149
0.48194831609726
0.543809294700623
0.176122322678566
0.0202032532542944
0.180211797356606
0.376720488071442
0.99746698141098
0.285378575325012
0.12887966632843
0.503250241279602
0.0850856080651283
0.466475427150726
0.716483056545258
0.959379851818085
0.226111635565758
0.0172429587692022
0.636738181114197
0.998351991176605
0.157322913408279
0.737571358680725
0.959501922130585
0.502883970737457
0.453596591949463
0.733237683773041
0.375469207763672
0.876033842563629
0.980742812156677
0.682943224906921
0.52104252576828
0.691518902778625
0.0686971619725227
0.942777812480927
0.789483308792114
0.885341942310333
0.0623187981545925
0.519882798194885
0.534531712532043
0.769615769386292
0.404675424098969
0.446882545948029
0.0731833875179291
0.64980012178421
0.910245060920715
0.587359249591827
0.393200486898422
0.326883763074875
0.383709222078323
0.404675424098969
0.972045063972473
0.265358448028564
0.240668967366219
0.724906146526337
0.613483071327209
0.708609282970428
0.28656879067421
0.0247199926525354
0.708059966564178
0.522812604904175
0.310037523508072
0.276619762182236
0.82329785823822
0.0505996905267239
0.647053420543671
0.881374537944794
0.0307321399450302
0.755638301372528
0.371929079294205
0.720053732395172
0.875240325927734
0.939573347568512
0.271584212779999
0.856257796287537
0.3929563164711
0.312509536743164
0.259163171052933
0.920010983943939
0.0849330127239227
0.698141396045685
0.383617669343948
0.704611361026764
0.251441985368729
0.655049264431
0.0907925665378571
0.00753807183355093
0.594347953796387
0.295052945613861
0.893307268619537
0.246833711862564
0.492873936891556
0.0803857520222664
0.104190193116665
0.883968651294708
0.859920024871826
0.880367457866669
0.791985809803009
0.184759050607681
0.984405040740967
0.0690328702330589
0.612018167972565
0.349436938762665
0.266060352325439
0.945524454116821
0.671651363372803
0.543046355247498
0.24958036839962
0.257209986448288
0.0842921212315559
0.857264935970306
0.863246560096741
0.108523823320866
0.369609653949738
0.735648691654205
0.269203782081604
0.0347911007702351
0.355418562889099
0.892483294010162
0.231391340494156
0.524216413497925
0.7379070520401
0.257271021604538
0.406933814287186
0.767815172672272
0.956236481666565
0.975920915603638
0.468092888593674
0.919309079647064
0.537858188152313
0.999664306640625
0.46012756228447
0.646107375621796
0.570940256118774
0.293130278587341
0.301980644464493
0.252449125051498
0.45963928103447
0.193029567599297
0.835688352584839
0.156102180480957
0.619281589984894
0.948210060596466
0.330912202596664
0.999725341796875
0.266792804002762
0.972655415534973
0.850764513015747
0.178350165486336
0.963530361652374
0.842738091945648
0.385235130786896
0.064302496612072
0.0657673850655556
0.569902658462524
0.158543661236763
0.710257291793823
0.74037903547287
0.179662466049194
0.0162358470261097
0.312173843383789
0.700430333614349
0.12900173664093
0.299111902713776
0.213599041104317
0.318216502666473
0.592333734035492
0.109225742518902
0.731803357601166
0.271523177623749
0.148319959640503
0.375164031982422
0.587481319904327
0.378978848457336
0.898159742355347
0.621936678886414
0.219550162553787
0.78145694732666
0.546678066253662
0.852748215198517
0.765617847442627
0.125217437744141
0.477736741304398
0.447737038135529
0.989806830883026
0.903500497341156
0.354899734258652
0.487136453390121
0.939237654209137
0.612201273441315
0.27869501709938
0.404004037380219
0.610034465789795
0.876552641391754
0.0320749543607235
0.373607605695724
0.404644906520844
0.204748675227165
0.444563120603561
0.345286428928375
0.661091923713684
0.524552166461945
0.407147437334061
0.123081147670746
0.035981323570013
0.159581288695335
0.56868189573288
0.401654094457626
0.0222174748778343
0.401104778051376
0.245155185461044
0.163121432065964
0.382732629776001
0.332071900367737
0.573137581348419
0.341990411281586
0.781365394592285
0.0589312426745892
0.438673049211502
0.16351817548275
0.3924680352211
0.00839259009808302
0.212683498859406
0.0622882768511772
0.770165085792542
0.444441050291061
0.82433545589447
0.587176144123077
0.758507013320923
0.862575173377991
0.203588977456093
0.198828086256981
0.724204242229462
0.417218536138535
0.624073028564453
0.36588642001152
0.892513811588287
0.038422804325819
0.977629959583282
0.866573095321655
0.0681478306651115
0.394604325294495
0.511642813682556
0.701101720333099
0.52220219373703
0.356700330972672
0.0607928708195686
0.522354781627655
0.325998723506927
0.121219523251057
0.303933829069138
0.989684760570526
0.914029359817505
0.647053420543671
0.0775475353002548
0.95327615737915
0.156041145324707
0.563524305820465
0.277504801750183
0.874660491943359
0.720725119113922
0.205023348331451
0.379436641931534
0.389843434095383
0.0111392559483647
0.929227590560913
0.109866634011269
0.421185940504074
0.45411542057991
0.374187439680099
0.298989832401276
0.744437992572784
0.423963129520416
0.811944961547852
0.445997506380081
0.417096465826035
0.582659363746643
0.253120511770248
0.0288705099374056
0.974364459514618
0.916928589344025
0.460676908493042
0.0895413085818291
0.798821985721588
0.254066586494446
0.527420878410339
0.125553146004677
0.570329904556274
0.537491977214813
0.174413278698921
0.819574594497681
0.202093571424484
0.643147051334381
0.426709800958633
0.638325154781342
0.169560834765434
0.0183721426874399
0.82155829668045
0.831629395484924
0.637836873531342
0.924253046512604
0.806787312030792
0.863185524940491
0.294320493936539
0.562578201293945
0.484420299530029
0.804315328598022
0.292794585227966
0.869045078754425
0.356517225503922
0.721732258796692
0.214911341667175
0.253547787666321
0.22894985973835
0.590716242790222
0.455488741397858
0.0691244229674339
0.929990530014038
0.765099048614502
0.938138961791992
0.0905179008841515
0.9991455078125
0.534745335578918
0.56682026386261
0.78380686044693
0.00338755454868078
0.802789390087128
0.320474863052368
0.648396253585815
0.636463522911072
0.412549197673798
0.395977646112442
0.412457644939423
0.257271021604538
0.156712546944618
0.30652791261673
0.363078713417053
0.0245979186147451
0.99899286031723
0.341166406869888
0.592547357082367
0.283333837985992
0.539994478225708
0.292092651128769
0.441663861274719
0.358897686004639
0.258827477693558
0.855464339256287
0.921994686126709
0.416547149419785
0.560838639736176
0.612598061561584
0.397381514310837
0.540787994861603
0.16351817548275
0.99740594625473
0.306985676288605
0.692251324653625
0.851588487625122
0.156254768371582
0.210058897733688
0.697470009326935
0.132267221808434
0.106967374682426
0.934659898281097
0.928159415721893
0.8224738240242
0.102542191743851
0.110934779047966
0.826349675655365
0.0985442698001862
0.60640275478363
0.87057101726532
0.931272327899933
0.0405590981245041
0.78524124622345
0.993194401264191
0.564622938632965
0.201574757695198
0.925687432289124
0.281563758850098
0.83010345697403
0.233802303671837
0.680867969989777
0.446668893098831
0.0838038250803947
0.102633744478226
0.553605735301971
0.283303320407867
0.531540870666504
0.919736325740814
0.521927535533905
0.418469816446304
0.109225742518902
0.926541924476624
0.213476970791817
0.412945955991745
0.30298775434494
0.659443974494934
0.535203099250793
0.497817933559418
0.0645771697163582
0.82793664932251
0.163884401321411
0.726859331130981
0.479293197393417
0.936613082885742
0.804956197738647
0.82631915807724
0.341471612453461
0.182866916060448
0.624439239501953
0.52314829826355
0.294930875301361
0.661183536052704
0.761375784873962
0.633075952529907
0.69389933347702
0.405072182416916
0.326548039913177
0.689504683017731
0.840876519680023
0.298471033573151
0.793664336204529
0.39494001865387
0.757835626602173
0.387371450662613
0.189367353916168
0.675710320472717
0.146671950817108
0.623035371303558
0.988494515419006
0.621539950370789
0.695730447769165
0.56819361448288
0.120365001261234
0.0912503451108933
0.387615591287613
0.0974455997347832
0.993102788925171
0.265511035919189
0.966093957424164
0.622852265834808
0.941221356391907
0.928250968456268
0.21655935049057
0.876369535923004
0.00375377666205168
0.757683038711548
0.217932671308517
0.78002256155014
0.438550978899002
0.40870389342308
0.221045568585396
0.435316026210785
0.878963589668274
0.667104125022888
0.310403764247894
0.763115346431732
0.539750337600708
0.4575335085392
0.505417048931122
0.82476270198822
0.377697080373764
0.986327707767487
0.457228302955627
0.356700330972672
0.613757729530334
0.800042748451233
0.397686690092087
0.548753321170807
0.5227210521698
0.0415356904268265
0.496291995048523
0.597949147224426
0.896786391735077
0.684560656547546
0.281716346740723
0.0690633878111839
0.0889309346675873
0.0277108065783978
0.284127324819565
0.592974662780762
0.0431226529181004
0.230140075087547
0.554185628890991
0.934080004692078
0.216528818011284
0.168736845254898
0.215521708130836
0.95825070142746
0.801019310951233
0.399334698915482
0.706564545631409
0.532456457614899
0.149357587099075
0.502548277378082
0.867976903915405
0.887050986289978
0.813257217407227
0.595568716526031
0.532212257385254
0.472396016120911
0.09820856153965
0.291329681873322
0.771233260631561
0.840846002101898
0.543107390403748
0.886104941368103
0.458479553461075
0.585283994674683
0.22907193005085
0.0567644275724888
0.301889091730118
0.865688025951386
0.32511368393898
0.849452197551727
0.00357066560536623
0.554673910140991
0.776360332965851
0.239967033267021
0.702871799468994
0.533616125583649
0.540757477283478
0.0481582097709179
0.358745068311691
0.170201733708382
0.281289100646973
0.486831277608871
0.227942749857903
0.509109795093536
0.919278562068939
0.126560255885124
0.0951567143201828
0.20651875436306
0.955168306827545
0.558122515678406
0.4112369120121
0.74044007062912
0.963499844074249
0.533097326755524
0.99609363079071
0.927182853221893
0.167546615004539
0.864558875560761
0.461897641420364
0.276100963354111
0.500595092773438
0.868373692035675
0.0138248847797513
0.213415935635567
0.0596331693232059
0.627124845981598
0.783471167087555
0.706228852272034
0.357890546321869
0.857509076595306
0.35187840461731
0.318338572978973
0.282509833574295
0.662129580974579
0.618457615375519
0.22894985973835
0.16351817548275
0.947935402393341
0.671712398529053
0.245521411299706
0.860408365726471
0.791314423084259
0.817987620830536
0.341898858547211
0.272408217191696
0.532090187072754
0.425031274557114
0.753166317939758
0.179052099585533
0.877132475376129
0.73610645532608
0.158452108502388
0.816888928413391
0.794976651668549
0.310800492763519
0.982848584651947
0.0988494530320168
0.48280280828476
0.24951933324337
0.349375903606415
0.882534265518188
0.186834320425987
0.857112348079681
0.713400661945343
0.193273723125458
0.157536551356316
0.902096629142761
0.708975493907928
0.808954119682312
0.52085942029953
0.128299817442894
0.240028083324432
0.112033449113369
0.346659749746323
0.174230173230171
0.346629232168198
0.615619361400604
0.695791482925415
0.557115375995636
0.878017544746399
0.0694601312279701
0.926786124706268
0.877620756626129
0.503280758857727
0.552507102489471
0.0435804314911366
0.901516795158386
0.0916165634989738
0.457747131586075
0.365855902433395
0.674550592899323
0.992645025253296
0.776055157184601
0.302133232355118
0.3267922103405
0.248207032680511
0.585131406784058
0.508529901504517
0.722617268562317
0.267738878726959
0.149723812937737
0.212805569171906
0.612689614295959
0.996917605400085
0.539414644241333
0.986175119876862
0.444196909666061
0.112308114767075
0.170110166072845
0.743217289447784
0.485335856676102
0.272591322660446
0.17596971988678
0.251960813999176
0.420911282300949
0.95724356174469
0.0173039957880974
0.934781968593597
0.0742820501327515
0.924893975257874
0.231238752603531
0.241309851408005
0.413251131772995
0.821771919727325
0.731070876121521
0.375469207763672
0.494613468647003
0.971892476081848
0.560899674892426
0.656697273254395
0.505081355571747
0.880123317241669
0.511337637901306
0.297402888536453
0.553819417953491
0.479323714971542
0.503128170967102
0.877956509590149
0.373149812221527
0.652912974357605
0.144138917326927
0.299569696187973
0.583971679210663
0.064149908721447
0.366954565048218
0.49754324555397
0.681630909442902
0.823328375816345
0.552354514598846
0.69533371925354
0.398785352706909
0.0237739197909832
0.0455946549773216
0.48057496547699
0.601641893386841
0.678792715072632
0.471480458974838
0.485213786363602
0.375438690185547
0.0896938964724541
0.754539608955383
0.949949622154236
0.45579394698143
0.177220985293388
0.250404357910156
0.95464950799942
0.661854922771454
0.806634724140167
0.895016312599182
0.596545279026031
0.487777322530746
0.638477742671967
0.777245402336121
0.896389663219452
0.508560419082642
0.536149203777313
0.042085025459528
0.714529871940613
0.756736934185028
0.0607623532414436
0.529953896999359
0.4582659304142
0.725760698318481
0.0858790874481201
0.0582598336040974
0.861201822757721
0.156926169991493
0.0620136111974716
0.752433836460114
0.616016089916229
0.265419483184814
0.963286221027374
0.331400483846664
0.142399370670319
0.56230354309082
0.446394234895706
0.754936397075653
0.270668655633926
0.928312003612518
0.254463344812393
0.138126775622368
0.122653886675835
0.0958586409687996
0.395519882440567
0.340098261833191
0.971373617649078
0.195806756615639
0.128208264708519
0.132297739386559
0.360118418931961
0.524338483810425
0.285073399543762
0.353679001331329
0.262947469949722
0.187322616577148
0.964964747428894
0.958006501197815
0.56700336933136
0.777642130851746
0.126041442155838
0.360240489244461
0.658711493015289
0.74199652671814
0.110385447740555
0.988006234169006
0.394543290138245
0.593401908874512
0.631244838237762
0.444044321775436
0.237891778349876
0.625812530517578
0.254707485437393
0.186925873160362
0.843226432800293
0.286599308252335
0.906704902648926
0.13476973772049
0.868556797504425
0.863795876502991
0.436384171247482
0.0997039675712585
0.297921687364578
0.643940567970276
0.767937242984772
0.45832696557045
0.0549333170056343
0.196783348917961
0.670949459075928
0.964751124382019
0.18811608850956
0.943479716777802
0.681600391864777
0.11258278042078
0.410443425178528
0.663716554641724
0.205114901065826
0.952085912227631
0.272957563400269
0.0991546362638474
0.331614136695862
0.768242418766022
0.755058467388153
0.308389544487
0.395550400018692
0.526932597160339
0.551469445228577
0.930295705795288
0.810876786708832
0.494491398334503
0.838160336017609
0.0117496261373162
0.212775051593781
0.937772750854492
0.797723293304443
0.556169331073761
0.43733024597168
0.309976488351822
0.685995042324066
0.448774695396423
0.370189517736435
0.829706728458405
0.720877707004547
0.915463745594025
0.195684686303139
0.858333051204681
0.574541449546814
0.170506909489632
0.0777916833758354
0.982726514339447
0.750602722167969
0.410840183496475
0.803643882274628
0.209173858165741
0.627063810825348
0.811242997646332
0.421308010816574
0.174962610006332
0.446852028369904
0.678579032421112
0.403241068124771
0.78380686044693
0.0366527289152145
0.420209348201752
0.36588642001152
0.171056240797043
0.535447239875793
0.482924908399582
0.877529203891754
0.405926704406738
0.914212465286255
0.919095456600189
0.385143578052521
0.835383176803589
0.567857921123505
0.735770761966705
0.791711151599884
0.477584153413773
0.760673820972443
0.683584094047546
0.715018153190613
0.370189517736435
0.20651875436306
0.641010761260986
0.959623992443085
0.279763162136078
0.565050184726715
0.250740081071854
0.232642590999603
0.679189443588257
0.135105445981026
0.964323878288269
0.635242760181427
0.398358106613159
0.526871562004089
0.150944545865059
0.960417509078979
0.855586409568787
0.593462944030762
0.427442252635956
0.32895901799202
0.274758130311966
0.403851449489594
0.864803016185761
0.194586023688316
0.795464932918549
0.537858188152313
0.227912232279778
0.249092072248459
0.881740748882294
0.484694957733154
0.905270516872406
0.25955992937088
0.936033189296722
0.426221489906311
0.683492541313171
0.368205815553665
0.524277448654175
0.186498612165451
0.0246894750744104
0.886471152305603
0.118900112807751
0.628193020820618
0.00158696249127388
0.1145054474473
0.765251636505127
0.277718424797058
0.546952724456787
0.217261269688606
0.578447818756104
0.46024963259697
0.174108102917671
0.688405990600586
0.476271867752075
0.725547015666962
0.82421338558197
0.43354594707489
0.0549333170056343
0.846034109592438
0.99670398235321
0.00369273964315653
0.0133976256474853
0.168675795197487
0.819177806377411
0.0104983672499657
0.0329905077815056
0.601336717605591
0.213263347744942
0.254219174385071
0.518082201480865
0.0150761436671019
0.812036514282227
0.595873892307281
0.104709006845951
0.344279319047928
0.785821080207825
0.104983672499657
0.342692345380783
0.164464250206947
0.232520520687103
0.513657033443451
0.458052307367325
0.0306100659072399
0.288613557815552
0.508804619312286
0.601550340652466
0.356028944253922
0.616962194442749
0.893276751041412
0.490035712718964
0.113681450486183
0.427991569042206
0.147556990385056
0.846522390842438
0.141056552529335
0.690267622470856
0.423230677843094
0.545152127742767
0.329691469669342
0.686727523803711
0.49879452586174
0.867915868759155
0.48075807094574
0.572923958301544
0.730277419090271
0.778466165065765
0.107882931828499
0.0935392305254936
0.526810526847839
0.620197176933289
0.968657493591309
0.113162636756897
0.383068323135376
0.144047364592552
0.605578780174255
0.117862485349178
0.9993896484375
0.272865980863571
0.678395926952362
0.343852043151855
0.52122563123703
0.508224725723267
0.368388921022415
0.689138472080231
0.428968161344528
0.386120170354843
0.636433005332947
0.0646382048726082
0.109225742518902
0.887783467769623
0.615527808666229
0.341319024562836
0.639271199703217
0.211645856499672
0.919675290584564
0.548844873905182
0.815271437168121
0.813287734985352
0.149662777781487
0.48268073797226
0.956419587135315
0.118503369390965
0.377941220998764
0.375652343034744
0.515152454376221
0.817407786846161
0.892391741275787
0.790063202381134
0.0256050303578377
0.143833741545677
0.981933057308197
0.386974692344666
0.421246975660324
0.0482192449271679
0.0440076924860477
0.728537857532501
0.252449125051498
0.668660521507263
0.795678555965424
0.769707322120667
0.836390256881714
0.00735496077686548
0.869228184223175
0.195928826928139
0.869228184223175
0.21854305267334
0.574236273765564
0.262489706277847
0.532761633396149
0.413434237241745
0.106631673872471
0.292306274175644
0.626453459262848
0.389660328626633
0.986388742923737
0.487960457801819
0.755882441997528
0.190221875905991
0.00454725790768862
0.214606165885925
0.109256267547607
0.899288892745972
0.462202817201614
0.409680485725403
0.853297531604767
0.580004274845123
0.980681777000427
0.275978893041611
0.678792715072632
0.761711478233337
0.665883362293243
0.91412091255188
0.528733193874359
0.381756037473679
0.907376348972321
0.0505386516451836
0.0385143607854843
0.589007258415222
0.593157768249512
0.517838060855865
0.720908224582672
0.314615309238434
0.0220038462430239
0.642841875553131
0.425855278968811
0.0168462172150612
0.294167906045914
0.199407935142517
0.107394635677338
0.505935847759247
0.461928158998489
0.0821558311581612
0.428296774625778
0.255195766687393
0.221015051007271
0.356486707925797
0.233619183301926
0.104739524424076
0.424604028463364
0.842463433742523
0.425031274557114
0.764152944087982
0.200415045022964
0.887752950191498
0.266609698534012
0.0199591051787138
0.952940464019775
0.486526072025299
0.653340280056
0.0547196865081787
0.0313730277121067
0.400097668170929
0.374065369367599
0.78362375497818
0.345225393772125
0.435804307460785
0.899807751178741
0.614612281322479
0.707876801490784
0.540513336658478
0.728263199329376
0.539201021194458
0.190466016530991
0.864680945873261
0.816949963569641
0.95898312330246
0.266457110643387
0.453260898590088
0.134739220142365
0.155003502964973
0.0284737702459097
0.720175802707672
0.864528357982636
0.806176960468292
0.258949548006058
0.361735880374908
0.28656879067421
0.462263852357864
0.635029137134552
0.866389989852905
0.875942230224609
0.378673672676086
0.850093066692352
0.275673687458038
0.642902910709381
0.618518650531769
0.932004749774933
0.354106277227402
0.24964140355587
0.828699588775635
0.540177643299103
0.82302314043045
0.933072924613953
0.595904409885406
0.5224769115448
0.815301954746246
0.765648365020752
0.789117097854614
0.512772023677826
0.207068085670471
0.285470128059387
0.794427335262299
0.851130723953247
0.982604444026947
0.0266731772571802
0.0490737631917
0.6072878241539
0.288491457700729
0.981475293636322
0.780175149440765
0.989104866981506
0.333903014659882
0.524918377399445
0.354991316795349
0.916684448719025
0.792321562767029
0.834253966808319
0.148686185479164
0.0442518405616283
0.861903727054596
0.333109527826309
0.336100339889526
0.0101016266271472
0.639942646026611
0.192785426974297
0.513229787349701
0.19647815823555
0.968504905700684
0.421155422925949
0.555467367172241
0.780571937561035
0.406292915344238
0.570757150650024
0.618030309677124
0.357615888118744
0.484511852264404
0.597430348396301
0.685537278652191
0.917630553245544
0.901699900627136
0.900357067584991
0.576525151729584
0.456740021705627
0.814172804355621
0.0751976072788239
0.809137225151062
0.00485244300216436
0.878994107246399
0.41129794716835
0.234748378396034
0.350291460752487
0.204443499445915
0.664113283157349
0.845088064670563
0.242896810173988
0.865596473217011
0.13464766740799
0.659596562385559
0.357249677181244
0.139866322278976
0.586474180221558
0.0990630835294724
0.796655178070068
0.120426036417484
0.0318918414413929
0.752006590366364
0.419293791055679
0.861903727054596
0.918759703636169
0.939420759677887
0.768242418766022
0.716147363185883
0.748557984828949
0.985290050506592
0.885891318321228
0.0134281441569328
0.657887518405914
0.597796559333801
0.794579923152924
0.745841860771179
0.993408024311066
0.268501847982407
0.924527704715729
0.408459722995758
0.41279336810112
0.0951261967420578
0.270027786493301
0.655415534973145
0.542100310325623
0.934629380702972
0.555803120136261
0.926450371742249
0.720816671848297
0.292275756597519
0.194006159901619
0.700399816036224
0.866389989852905
0.853816330432892
0.313730269670486
0.531968116760254
0.988921761512756
0.0658284276723862
0.643818497657776
0.528031229972839
0.387646108865738
0.671803951263428
0.530655860900879
0.419293791055679
0.0602435395121574
0.608935832977295
0.872005343437195
0.884395897388458
0.356181532144547
0.173070460557938
0.247627183794975
0.281716346740723
0.405590981245041
0.857020795345306
0.0292367320507765
0.446211129426956
0.354808181524277
0.769249558448792
0.749443054199219
0.706289887428284
0.939664900302887
0.0386364348232746
0.512039542198181
0.778191447257996
0.427930533885956
0.112186044454575
0.724784076213837
0.693258464336395
0.462477505207062
0.351176500320435
0.935209214687347
0.414746552705765
0.835474729537964
0.832575440406799
0.051484726369381
0.30051577091217
0.725974321365356
0.761711478233337
0.729514479637146
0.0672627985477448
0.43156224489212
0.402783274650574
0.20664082467556
0.41340371966362
0.125156402587891
0.932737231254578
0.364574104547501
0.95605331659317
0.668721556663513
0.125583663582802
0.301644951105118
0.638904988765717
0.0146794030442834
0.272957563400269
0.196264535188675
0.267189562320709
0.226630449295044
0.247138887643814
0.74254584312439
0.32541885972023
0.650257885456085
0.113071076571941
0.939512312412262
0.734977245330811
0.266029834747314
0.195348978042603
0.515030384063721
0.707174897193909
0.754875302314758
0.00656147953122854
0.765861988067627
0.348521381616592
0.307626575231552
0.943266093730927
0.0947294533252716
0.173833429813385
0.710409879684448
0.155522331595421
0.0262154005467892
0.18408764898777
0.736075937747955
0.497085481882095
0.982238233089447
0.664937257766724
0.373973816633224
0.961302518844604
0.598467946052551
0.361949533224106
0.928739309310913
0.509842216968536
0.863338112831116
0.189489424228668
0.519272446632385
0.700399816036224
0.860133647918701
0.128513440489769
0.00970488600432873
0.019226660951972
0.394177079200745
0.470564901828766
0.903042674064636
0.32523575425148
0.285927921533585
0.0632953867316246
0.228797271847725
0.311288803815842
0.61137729883194
0.714621424674988
0.95651113986969
0.389904469251633
0.670705258846283
0.41093173623085
0.965269923210144
0.908444464206696
0.967223107814789
0.506302058696747
0.101657152175903
0.100955232977867
0.976744890213013
0.538346529006958
0.356669813394547
0.682760119438171
0.989776313304901
0.827723026275635
0.69280070066452
0.493270665407181
0.806665241718292
0.516617357730865
0.553086936473846
0.094485305249691
0.568041026592255
0.203192234039307
0.582872986793518
0.730613112449646
0.500961303710938
0.82805871963501
0.595751821994781
0.555040121078491
0.862269937992096
0.968657493591309
0.314859449863434
0.531632423400879
0.860774576663971
0.19833979010582
0.921018123626709
0.91549426317215
0.838862240314484
0.666188538074493
0.938291549682617
0.720572531223297
0.495345920324326
0.553422629833221
0.489272743463516
0.0796533077955246
0.430616170167923
0.563585340976715
0.450422674417496
0.903073191642761
0.794976651668549
0.101565599441528
0.538956880569458
0.742637395858765
0.322061836719513
0.298898279666901
0.862941384315491
0.266853839159012
0.528336465358734
0.540513336658478
0.965300440788269
0.253822445869446
0.359385967254639
0.650013744831085
0.893185198307037
0.507675409317017
0.06537064909935
0.389324635267258
0.324228644371033
0.605395674705505
0.585680723190308
0.428968161344528
0.2804956138134
0.879879117012024
0.224890902638435
0.445509195327759
0.461531430482864
0.545457303524017
0.901058971881866
0.501785337924957
0.727896988391876
0.372417360544205
0.747215211391449
0.367107152938843
0.766380786895752
0.816461682319641
0.34791100025177
0.932767748832703
0.468092888593674
0.00946073792874813
0.391735583543777
0.379619747400284
0.0505386516451836
0.51823478937149
0.0209356974810362
0.254066586494446
0.455305635929108
0.276284068822861
0.659810185432434
0.108096562325954
0.0521866530179977
0.596606314182281
0.602465867996216
0.860408365726471
0.181371495127678
0.669972836971283
0.142155215144157
0.534196019172668
0.564683973789215
0.456434816122055
0.52238529920578
0.528366982936859
0.117252111434937
0.375225067138672
0.491714239120483
0.078066349029541
0.190710172057152
0.69997251033783
0.743430912494659
0.0609759837388992
0.77947324514389
0.0651265010237694
0.0211188085377216
0.805597066879272
0.720999777317047
0.990142524242401
0.171422466635704
0.0574358366429806
0.421491146087646
0.82705157995224
0.925565361976624
0.760277092456818
0.138279363512993
0.0387585088610649
0.690267622470856
0.807397663593292
0.35007780790329
0.213171795010567
0.130191966891289
0.420300900936127
0.246284365653992
0.720023214817047
0.82216864824295
0.310495316982269
0.86684775352478
0.41657766699791
0.763115346431732
0.280587166547775
0.923520624637604
0.308481097221375
0.0127872554585338
0.421216458082199
0.834406554698944
0.571764290332794
0.252632230520248
0.559862077236176
0.0021668141707778
0.842585504055023
0.541520416736603
0.117984555661678
0.868098974227905
0.180608540773392
0.050325021147728
0.0325327329337597
0.772240340709686
0.612781167030334
0.0563066489994526
0.898068189620972
0.152104258537292
0.663045108318329
0.978362381458282
0.985930979251862
0.110049746930599
0.774926006793976
0.734275341033936
0.296731472015381
0.881130397319794
0.0328379161655903
0.202246159315109
0.302102714776993
0.232581555843353
0.0885036811232567
0.0664387941360474
0.532212257385254
0.326487004756927
0.69856870174408
0.828760623931885
0.665150940418243
0.0760521292686462
0.77996152639389
0.268166154623032
0.274819165468216
0.527787089347839
0.389019429683685
0.128147214651108
0.892971575260162
0.299966424703598
0.530777931213379
0.314188063144684
0.541856110095978
0.60921049118042
0.20435194671154
0.382091730833054
0.394360184669495
0.9160435795784
0.591143548488617
0.598773181438446
0.716788232326508
0.720969259738922
0.791741669178009
0.356303602457047
0.751243650913239
0.542039275169373
0.0178533289581537
0.220954015851021
0.693990886211395
0.605578780174255
0.645954787731171
0.398144483566284
0.425397515296936
0.280709236860275
0.0378124341368675
0.894619584083557
0.148319959640503
0.789513826370239
0.535538792610168
0.159245580434799
0.590777277946472
0.223700672388077
0.536240756511688
0.483596295118332
0.929471731185913
0.399334698915482
0.0532547980546951
0.943327128887177
0.0902127176523209
0.580462038516998
0.669911801815033
0.162022769451141
0.581591248512268
0.603350937366486
0.292001098394394
0.678640067577362
0.51786857843399
0.432172626256943
0.605578780174255
0.199285864830017
0.987914681434631
0.677785575389862
0.645649611949921
0.515732288360596
0.425855278968811
0.11053804308176
0.383068323135376
0.370311588048935
0.140049442648888
0.698416113853455
0.734672069549561
0.0501419119536877
0.65648365020752
0.201849415898323
0.903775155544281
0.990661323070526
0.0327768810093403
0.856746137142181
0.456984162330627
0.170049130916595
0.799340784549713
0.17584764957428
0.0436414703726768
0.576616704463959
0.683462023735046
0.401593059301376
0.163884401321411
0.528794229030609
0.773155927658081
0.639545857906342
0.891903460025787
0.130558177828789
0.276467174291611
0.205450609326363
0.960600614547729
0.642689287662506
0.532914221286774
0.216162607073784
0.113742485642433
0.0509659126400948
0.432905048131943
0.955900728702545
0.132114633917809
0.613574624061584
0.901944041252136
0.0491653196513653
0.439252912998199
0.667531371116638
0.60505998134613
0.971861958503723
0.69414347410202
0.47660756111145
0.528794229030609
0.930997669696808
0.276131480932236
0.401348918676376
0.595843374729156
0.645252823829651
0.0686971619725227
0.172704249620438
0.969481468200684
0.0569780580699444
0.448347419500351
0.550218224525452
0.203497424721718
0.507217645645142
0.884945213794708
0.146427810192108
0.894314408302307
0.404522836208344
0.0592364259064198
0.69856870174408
0.991027534008026
0.919644773006439
0.904934823513031
0.568529307842255
0.420056760311127
0.736564218997955
0.479903548955917
0.752830564975739
0.180608540773392
0.391430407762527
0.0745261982083321
0.183507800102234
0.56688129901886
0.23081149160862
0.462294369935989
0.601367235183716
0.673482477664948
0.520065903663635
0.699087500572205
0.782494604587555
0.840479731559753
0.733603954315186
0.377788633108139
0.399853497743607
0.194036677479744
0.557908892631531
0.744132816791534
0.30069887638092
0.939024031162262
0.638691365718842
0.580156862735748
0.481307417154312
0.559678971767426
0.603564560413361
0.2613605260849
0.540238678455353
0.585161924362183
0.391216784715652
0.894100785255432
0.891293048858643
0.0751976072788239
0.418469816446304
0.939268171787262
0.517593920230865
0.483230084180832
0.616657018661499
0.228370010852814
0.547959864139557
0.052339244633913
0.868160009384155
0.77892392873764
0.436475723981857
0.401043742895126
0.874691009521484
0.314157545566559
0.027375103905797
0.454390078783035
0.988616585731506
0.894894242286682
0.285378575325012
0.377178251743317
0.0380565822124481
0.568285167217255
0.973662555217743
0.665578186511993
0.677846610546112
0.440870374441147
0.0601825006306171
0.0527359843254089
0.296609401702881
0.0814844220876694
0.133915215730667
0.385692924261093
0.0121768852695823
0.660573124885559
0.61192661523819
0.128604993224144
0.786004185676575
0.731864392757416
0.0187078472226858
0.649708569049835
0.187719345092773
0.0633259043097496
0.119327373802662
0.947386085987091
0.841822564601898
0.422833949327469
0.186956390738487
0.972106099128723
0.0866725668311119
0.725150287151337
0.186651200056076
0.200323492288589
0.878322720527649
0.446760445833206
0.156285285949707
0.616504430770874
0.468886375427246
0.714285731315613
0.56614887714386
0.759605705738068
0.892422258853912
0.973052144050598
0.938077926635742
0.990325629711151
0.788079440593719
0.642048418521881
0.505783259868622
0.635181725025177
0.592608392238617
0.661427676677704
0.197485268115997
0.164006471633911
0.633381128311157
0.338694423437119
0.721915364265442
0.0567644275724888
0.152806177735329
0.400280773639679
0.0390026569366455
0.515945911407471
0.795800626277924
0.654072701931
0.99700915813446
0.681112110614777
0.591296136379242
0.16989654302597
0.416241943836212
0.501632750034332
0.95934933423996
0.383526116609573
0.402111887931824
0.923764765262604
0.774620831012726
0.0308236945420504
0.167149871587753
0.548417627811432
0.0177922919392586
0.318521678447723
0.144718766212463
0.416180908679962
0.0464796908199787
0.237037256360054
0.674398005008698